10
1 0.810605555549 0.492527765632 0.363626631227 0.129596163536 0.618851733197 0.483819895812 0.571932237333 0.126043599322 0.615799251137 0.553738551151
2 0.89322247131 0.730228097307 0.261792572018 0.749471739951 0.594509760475 0.126680561569 0.993875003971 0.817275167979 0.956028503276 0.903212972877
3 0.912353616078 0.615475211482 0.337736555234 0.696630205215 0.534249026077 0.21251788386 1.13045411828 0.937137282789 0.76173465894 0.918605596566
4 0.554278104838 0.743466374308 0.543096458479 0.359062380308 0.468845295329 0.25335611057 0.845210282698 0.160084232849 0.642181786954 0.54509859613
5 0.749709446995 0.561727940564 0.159135327779 0.864116547604 0.598061867261 0.328923041417 0.976408598329 1.14154442132 0.731506737736 0.783708878731
6 0.856638022991 0.502456711832 0.633574999668 0.147642497999 0.738398329072 0.235902260275 0.663277132646 0.271883356731 0.448762564989 0.486934749139
7 1.06342290102 0.28946257719 0.0234981453988 0.592309177664 0.498363602468 0.184831972545 0.686376520094 0.629608693265 1.00263679249 0.791514607278
8 0.73485582214 0.664038596249 0.255482054914 0.0827877913778 0.520141973493 0.607445566038 0.849185542996 0.362536202633 0.507672228609 0.475364604452
9 0.964846039041 0.546237700318 0.269556776607 0.719808250501 0.373063062542 0.127710331233 0.725237603597 0.942518069224 0.985196212389 0.93179550117
10 0.797492564702 0.447486124211 0.0414661940507 1.01132341137 0.643833515082 0.256432651495 0.98730953748 0.963405449142 0.87142067554 0.962525499936
